{
  "criteria_names": [
    "K1: Kira ($/m2)",
    "K2: İşçilik ($/Saat)",
    "K3: LPI (1-5)",
    "K4: Vergi (%)",
    "K5: Pazar (Milyon)",
    "K6: Altyapı (0-100)",
    "K7: Bürokrasi (0-100)",
    "K8: Enerji ($/kWh)",
    "K9: İstikrar (0-100)",
    "K10: Yeşil Lojistik (EPI)"
  ],
  "alternative_names": [
    "Almanya",
    "Polonya",
    "Türkiye",
    "Hollanda",
    "BAE",
    "Vietnam",
    "Çekya",
    "Hindistan",
    "ABD (Memphis)",
    "Singapur",
    "Çin (Shanghai)",
    "Meksika",
    "Romanya",
    "Mısır",
    "Brezilya"
  ],
  "decision_matrix": [
    [
      18.5,
      32.0,
      4.2,
      30.0,
      83.0,
      95.0,
      80.0,
      0.35,
      85.0,
      80.0
    ],
    [
      9.0,
      12.5,
      3.6,
      19.0,
      40.0,
      80.0,
      75.0,
      0.18,
      70.0,
      65.0
    ],
    [
      6.5,
      4.5,
      3.2,
      25.0,
      85.0,
      70.0,
      65.0,
      0.12,
      55.0,
      55.0
    ],
    [
      22.0,
      35.0,
      4.1,
      25.0,
      17.0,
      98.0,
      85.0,
      0.32,
      90.0,
      85.0
    ],
    [
      15.0,
      10.0,
      3.9,
      9.0,
      10.0,
      90.0,
      90.0,
      0.08,
      80.0,
      60.0
    ],
    [
      4.0,
      2.5,
      2.8,
      20.0,
      98.0,
      60.0,
      50.0,
      0.07,
      65.0,
      40.0
    ],
    [
      8.5,
      11.0,
      3.5,
      19.0,
      11.0,
      82.0,
      78.0,
      0.2,
      80.0,
      70.0
    ],
    [
      3.5,
      1.8,
      2.5,
      30.0,
      1400.0,
      55.0,
      45.0,
      0.09,
      60.0,
      30.0
    ],
    [
      14.0,
      28.0,
      4.0,
      21.0,
      330.0,
      96.0,
      88.0,
      0.15,
      75.0,
      75.0
    ],
    [
      28.0,
      25.0,
      4.3,
      17.0,
      6.0,
      99.0,
      95.0,
      0.22,
      95.0,
      82.0
    ],
    [
      12.0,
      6.5,
      3.7,
      25.0,
      1410.0,
      88.0,
      60.0,
      0.1,
      65.0,
      45.0
    ],
    [
      5.5,
      3.8,
      2.9,
      30.0,
      126.0,
      65.0,
      55.0,
      0.09,
      50.0,
      50.0
    ],
    [
      7.0,
      8.5,
      3.1,
      16.0,
      19.0,
      75.0,
      68.0,
      0.16,
      65.0,
      60.0
    ],
    [
      3.0,
      2.0,
      2.6,
      22.0,
      100.0,
      50.0,
      40.0,
      0.06,
      45.0,
      35.0
    ],
    [
      6.0,
      4.2,
      2.7,
      34.0,
      214.0,
      60.0,
      48.0,
      0.14,
      55.0,
      58.0
    ]
  ],
  "criteria_types": [
    "min",
    "min",
    "max",
    "min",
    "max",
    "max",
    "max",
    "min",
    "max",
    "max"
  ],
  "critic": {
    "weights": [
      0.12181641224086912,
      0.13692190931868958,
      0.09223341617554029,
      0.0709474854661813,
      0.11849134643586898,
      0.0903050098002082,
      0.08470353729973171,
      0.1105181871112265,
      0.08148953968197659,
      0.09257315646970762
    ],
    "normalized_matrix": [
      [
        0.38,
        0.09036144578313252,
        0.9444444444444446,
        0.16,
        0.054843304843304845,
        0.9183673469387755,
        0.7272727272727273,
        0.0,
        0.8,
        0.9090909090909091
      ],
      [
        0.76,
        0.677710843373494,
        0.6111111111111113,
        0.6,
        0.024216524216524215,
        0.6122448979591837,
        0.6363636363636364,
        0.5862068965517241,
        0.5,
        0.6363636363636364
      ],
      [
        0.86,
        0.9186746987951806,
        0.388888888888889,
        0.36,
        0.05626780626780627,
        0.40816326530612246,
        0.45454545454545453,
        0.7931034482758621,
        0.2,
        0.45454545454545453
      ],
      [
        0.24,
        0.0,
        0.8888888888888887,
        0.36,
        0.007834757834757835,
        0.9795918367346939,
        0.8181818181818182,
        0.10344827586206887,
        0.9,
        1.0
      ],
      [
        0.52,
        0.753012048192771,
        0.7777777777777778,
        1.0,
        0.002849002849002849,
        0.8163265306122449,
        0.9090909090909091,
        0.9310344827586207,
        0.7,
        0.5454545454545454
      ],
      [
        0.96,
        0.9789156626506024,
        0.16666666666666657,
        0.56,
        0.06552706552706553,
        0.20408163265306123,
        0.18181818181818182,
        0.9655172413793103,
        0.4,
        0.18181818181818182
      ],
      [
        0.78,
        0.7228915662650601,
        0.5555555555555556,
        0.6,
        0.0035612535612535613,
        0.6530612244897959,
        0.6909090909090909,
        0.5172413793103448,
        0.7,
        0.7272727272727273
      ],
      [
        0.98,
        1.0,
        0.0,
        0.16,
        0.9928774928774928,
        0.10204081632653061,
        0.09090909090909091,
        0.8965517241379312,
        0.3,
        0.0
      ],
      [
        0.56,
        0.2108433734939759,
        0.8333333333333334,
        0.52,
        0.23076923076923078,
        0.9387755102040817,
        0.8727272727272727,
        0.689655172413793,
        0.6,
        0.8181818181818182
      ],
      [
        0.0,
        0.3012048192771084,
        1.0,
        0.68,
        0.0,
        1.0,
        1.0,
        0.44827586206896547,
        1.0,
        0.9454545454545454
      ],
      [
        0.64,
        0.8584337349397589,
        0.6666666666666669,
        0.36,
        1.0,
        0.7755102040816326,
        0.36363636363636365,
        0.8620689655172413,
        0.4,
        0.2727272727272727
      ],
      [
        0.9,
        0.9397590361445782,
        0.22222222222222218,
        0.16,
        0.08547008547008547,
        0.30612244897959184,
        0.2727272727272727,
        0.8965517241379312,
        0.1,
        0.36363636363636365
      ],
      [
        0.84,
        0.7981927710843373,
        0.3333333333333334,
        0.72,
        0.009259259259259259,
        0.5102040816326531,
        0.509090909090909,
        0.6551724137931034,
        0.4,
        0.5454545454545454
      ],
      [
        1.0,
        0.9939759036144578,
        0.05555555555555561,
        0.48,
        0.06695156695156695,
        0.0,
        0.0,
        1.0,
        0.0,
        0.09090909090909091
      ],
      [
        0.88,
        0.927710843373494,
        0.11111111111111122,
        0.0,
        0.14814814814814814,
        0.20408163265306123,
        0.14545454545454545,
        0.7241379310344827,
        0.2,
        0.509090909090909
      ]
    ],
    "std_devs": [
      0.2952642077546013,
      0.34874573196569464,
      0.34405166203540416,
      0.26325435825994814,
      0.3359818445061295,
      0.3413951428785237,
      0.32501869289020874,
      0.3014225562942386,
      0.29808915253182705,
      0.3123333873041306
    ],
    "correlation_matrix": [
      [
        1.0,
        0.8491733775781973,
        -0.9088645462825223,
        -0.24701018127332336,
        0.21139770942687214,
        -0.8869605627660289,
        -0.8362415724452034,
        0.6933506546677095,
        -0.8845888999194295,
        -0.8138751773644864
      ],
      [
        0.8491733775781973,
        1.0,
        -0.8536222260195444,
        -0.06574688212705468,
        0.2863595942461791,
        -0.8428573021638887,
        -0.7817459068470177,
        0.8605263654154771,
        -0.8196714154133731,
        -0.8841501952746431
      ],
      [
        -0.9088645462825223,
        -0.8536222260195444,
        1.0,
        0.35716130428036597,
        -0.2302840528003729,
        0.9835218408636618,
        0.9277338138518251,
        -0.681466245878524,
        0.8752300642396416,
        0.8477804822747137
      ],
      [
        -0.24701018127332336,
        -0.06574688212705468,
        0.35716130428036597,
        1.0,
        -0.36498977156153173,
        0.34995637553894443,
        0.5291789723005667,
        0.14228766645394317,
        0.39176215938673387,
        0.1838519642299349
      ],
      [
        0.21139770942687214,
        0.2863595942461791,
        -0.2302840528003729,
        -0.36498977156153173,
        1.0,
        -0.17186800216524156,
        -0.39038404434413687,
        0.31787364665184187,
        -0.2397238574187428,
        -0.52547414509613
      ],
      [
        -0.8869605627660289,
        -0.8428573021638887,
        0.9835218408636618,
        0.34995637553894443,
        -0.17186800216524156,
        1.0,
        0.9315468476638586,
        -0.6710381881540408,
        0.8760721019913867,
        0.8509158914106465
      ],
      [
        -0.8362415724452034,
        -0.7817459068470177,
        0.9277338138518251,
        0.5291789723005667,
        -0.39038404434413687,
        0.9315468476638586,
        1.0,
        -0.6010781259207024,
        0.8798797757969856,
        0.8723478693865414
      ],
      [
        0.6933506546677095,
        0.8605263654154771,
        -0.681466245878524,
        0.14228766645394317,
        0.31787364665184187,
        -0.6710381881540408,
        -0.6010781259207024,
        1.0,
        -0.7280817012024667,
        -0.8402137449768607
      ],
      [
        -0.8845888999194295,
        -0.8196714154133731,
        0.8752300642396416,
        0.39176215938673387,
        -0.2397238574187428,
        0.8760721019913867,
        0.8798797757969856,
        -0.7280817012024667,
        1.0,
        0.8146246330753124
      ],
      [
        -0.8138751773644864,
        -0.8841501952746431,
        0.8477804822747137,
        0.1838519642299349,
        -0.52547414509613,
        0.8509158914106465,
        0.8723478693865414,
        -0.8402137449768607,
        0.8146246330753124,
        1.0
      ]
    ],
    "information_content": [
      3.491091555401238,
      3.9239944156844992,
      2.6432834001017147,
      2.0332577756286945,
      3.3957997228849712,
      2.5880179142081388,
      2.427487383186105,
      3.167299895348683,
      2.3353786128158327,
      2.65301989168096
    ],
    "steps": {
      "normalized_matrix": [
        [
          0.38,
          0.09036144578313252,
          0.9444444444444446,
          0.16,
          0.054843304843304845,
          0.9183673469387755,
          0.7272727272727273,
          0.0,
          0.8,
          0.9090909090909091
        ],
        [
          0.76,
          0.677710843373494,
          0.6111111111111113,
          0.6,
          0.024216524216524215,
          0.6122448979591837,
          0.6363636363636364,
          0.5862068965517241,
          0.5,
          0.6363636363636364
        ],
        [
          0.86,
          0.9186746987951806,
          0.388888888888889,
          0.36,
          0.05626780626780627,
          0.40816326530612246,
          0.45454545454545453,
          0.7931034482758621,
          0.2,
          0.45454545454545453
        ],
        [
          0.24,
          0.0,
          0.8888888888888887,
          0.36,
          0.007834757834757835,
          0.9795918367346939,
          0.8181818181818182,
          0.10344827586206887,
          0.9,
          1.0
        ],
        [
          0.52,
          0.753012048192771,
          0.7777777777777778,
          1.0,
          0.002849002849002849,
          0.8163265306122449,
          0.9090909090909091,
          0.9310344827586207,
          0.7,
          0.5454545454545454
        ],
        [
          0.96,
          0.9789156626506024,
          0.16666666666666657,
          0.56,
          0.06552706552706553,
          0.20408163265306123,
          0.18181818181818182,
          0.9655172413793103,
          0.4,
          0.18181818181818182
        ],
        [
          0.78,
          0.7228915662650601,
          0.5555555555555556,
          0.6,
          0.0035612535612535613,
          0.6530612244897959,
          0.6909090909090909,
          0.5172413793103448,
          0.7,
          0.7272727272727273
        ],
        [
          0.98,
          1.0,
          0.0,
          0.16,
          0.9928774928774928,
          0.10204081632653061,
          0.09090909090909091,
          0.8965517241379312,
          0.3,
          0.0
        ],
        [
          0.56,
          0.2108433734939759,
          0.8333333333333334,
          0.52,
          0.23076923076923078,
          0.9387755102040817,
          0.8727272727272727,
          0.689655172413793,
          0.6,
          0.8181818181818182
        ],
        [
          0.0,
          0.3012048192771084,
          1.0,
          0.68,
          0.0,
          1.0,
          1.0,
          0.44827586206896547,
          1.0,
          0.9454545454545454
        ],
        [
          0.64,
          0.8584337349397589,
          0.6666666666666669,
          0.36,
          1.0,
          0.7755102040816326,
          0.36363636363636365,
          0.8620689655172413,
          0.4,
          0.2727272727272727
        ],
        [
          0.9,
          0.9397590361445782,
          0.22222222222222218,
          0.16,
          0.08547008547008547,
          0.30612244897959184,
          0.2727272727272727,
          0.8965517241379312,
          0.1,
          0.36363636363636365
        ],
        [
          0.84,
          0.7981927710843373,
          0.3333333333333334,
          0.72,
          0.009259259259259259,
          0.5102040816326531,
          0.509090909090909,
          0.6551724137931034,
          0.4,
          0.5454545454545454
        ],
        [
          1.0,
          0.9939759036144578,
          0.05555555555555561,
          0.48,
          0.06695156695156695,
          0.0,
          0.0,
          1.0,
          0.0,
          0.09090909090909091
        ],
        [
          0.88,
          0.927710843373494,
          0.11111111111111122,
          0.0,
          0.14814814814814814,
          0.20408163265306123,
          0.14545454545454545,
          0.7241379310344827,
          0.2,
          0.509090909090909
        ]
      ],
      "std_devs": [
        0.2952642077546013,
        0.34874573196569464,
        0.34405166203540416,
        0.26325435825994814,
        0.3359818445061295,
        0.3413951428785237,
        0.32501869289020874,
        0.3014225562942386,
        0.29808915253182705,
        0.3123333873041306
      ],
      "correlation_matrix": [
        [
          1.0,
          0.8491733775781973,
          -0.9088645462825223,
          -0.24701018127332336,
          0.21139770942687214,
          -0.8869605627660289,
          -0.8362415724452034,
          0.6933506546677095,
          -0.8845888999194295,
          -0.8138751773644864
        ],
        [
          0.8491733775781973,
          1.0,
          -0.8536222260195444,
          -0.06574688212705468,
          0.2863595942461791,
          -0.8428573021638887,
          -0.7817459068470177,
          0.8605263654154771,
          -0.8196714154133731,
          -0.8841501952746431
        ],
        [
          -0.9088645462825223,
          -0.8536222260195444,
          1.0,
          0.35716130428036597,
          -0.2302840528003729,
          0.9835218408636618,
          0.9277338138518251,
          -0.681466245878524,
          0.8752300642396416,
          0.8477804822747137
        ],
        [
          -0.24701018127332336,
          -0.06574688212705468,
          0.35716130428036597,
          1.0,
          -0.36498977156153173,
          0.34995637553894443,
          0.5291789723005667,
          0.14228766645394317,
          0.39176215938673387,
          0.1838519642299349
        ],
        [
          0.21139770942687214,
          0.2863595942461791,
          -0.2302840528003729,
          -0.36498977156153173,
          1.0,
          -0.17186800216524156,
          -0.39038404434413687,
          0.31787364665184187,
          -0.2397238574187428,
          -0.52547414509613
        ],
        [
          -0.8869605627660289,
          -0.8428573021638887,
          0.9835218408636618,
          0.34995637553894443,
          -0.17186800216524156,
          1.0,
          0.9315468476638586,
          -0.6710381881540408,
          0.8760721019913867,
          0.8509158914106465
        ],
        [
          -0.8362415724452034,
          -0.7817459068470177,
          0.9277338138518251,
          0.5291789723005667,
          -0.39038404434413687,
          0.9315468476638586,
          1.0,
          -0.6010781259207024,
          0.8798797757969856,
          0.8723478693865414
        ],
        [
          0.6933506546677095,
          0.8605263654154771,
          -0.681466245878524,
          0.14228766645394317,
          0.31787364665184187,
          -0.6710381881540408,
          -0.6010781259207024,
          1.0,
          -0.7280817012024667,
          -0.8402137449768607
        ],
        [
          -0.8845888999194295,
          -0.8196714154133731,
          0.8752300642396416,
          0.39176215938673387,
          -0.2397238574187428,
          0.8760721019913867,
          0.8798797757969856,
          -0.7280817012024667,
          1.0,
          0.8146246330753124
        ],
        [
          -0.8138751773644864,
          -0.8841501952746431,
          0.8477804822747137,
          0.1838519642299349,
          -0.52547414509613,
          0.8509158914106465,
          0.8723478693865414,
          -0.8402137449768607,
          0.8146246330753124,
          1.0
        ]
      ],
      "information_content": [
        3.491091555401238,
        3.9239944156844992,
        2.6432834001017147,
        2.0332577756286945,
        3.3957997228849712,
        2.5880179142081388,
        2.427487383186105,
        3.167299895348683,
        2.3353786128158327,
        2.65301989168096
      ],
      "weights": [
        0.12181641224086912,
        0.13692190931868958,
        0.09223341617554029,
        0.0709474854661813,
        0.11849134643586898,
        0.0903050098002082,
        0.08470353729973171,
        0.1105181871112265,
        0.08148953968197659,
        0.09257315646970762
      ]
    }
  }
}